image_width: 640
image_height: 480
camera_name: head_camera
camera_matrix:
  rows: 3
  cols: 3
  data: [740.214346, 0, 320.017909, 0, 740.438806, 273.843194, 0, 0, 1]
distortion_model: plumb_bob
distortion_coefficients:
  rows: 1
  cols: 5
  data: [0.146101, -0.476063, 0.010098, 0.000329, 0]
rectification_matrix:
  rows: 3
  cols: 3
  data: [1, 0, 0, 0, 1, 0, 0, 0, 1]
projection_matrix:
  rows: 3
  cols: 4
  data: [748.694885, 0, 319.66352, 0, 0, 746.107422, 275.974854, 0, 0, 0, 1, 0]